90 90 90 90 90 90 90 90 90 90
90 90 90 90 90 90 90 90 90 90
90 90 90 90 90 90 90 90 90 90
90 90 90 90 90 90 90 90 90 90
90 90 90 90 90 90 90 90 90 90
90 90 90 90 90 90 90 90 90 90
90 90 90 90 90 90 90 90 90 90
90 90 90 90 90 90 90 90 90 90
90 90 90 90 90 90 90 90 90 90
90 90 90 90 90 90 90 90 90 90
90 90 90 90 90 90 90 90 90 90
90 90 90 90 90 90 90 90 90 90
90 90 90 90 90 90 90 90 90 90
90 90 90 90 90 90 90 90 90 90
90 90 90 90 90 90 90 90 90 90
90 90 90 90 90 90 90 90 90 90
90 90 90 90 90 90 90 90 90 90
90 90 90 90 90 90 90 90 90 90
90 90 90 90 90 90 90 90 90 90
90 90 90 90 90 90 90 90 90 90
90 90 90 90 90 90 90 90 90 90
90 90 90 90 90 90 90 90 90 90
90 90 90 90 90 90 90 90 90 90
90 90 90 90 90 90 90 90 90 90
90 90 90 90 90 90 90 90 90 90
90 90 90 90 90 90 90 90 90 90
90 90 90 90 90 90 90 90 90 90
90 90 90 90 90 90 90 90 90 90
90 90 90 90 90 90 90 90 90 90
90 90 90 90 90 90 90 90 90 90
90 90 90 90 90 90 90 90 90 90
90 90 90 90 90 90 90 90 90 90
90 90 90 90 90 90 90 90 90 90
90 90 90 90 90 90 90 90 90 90
90 90 90 90 90 90 90 90 90 90
90 90 90 90 90 90 90 90 90 90
90 90 90 90 90 90 90 90 90 90
90 90 90 90 90 90 90 90 90 90
90 90 90 90 90 90 90 90 90 90
90 90 90 90 90 90 90 90 90 90
90 90 90 90 90 90 90 90 90 90
90 90 90 90 90 90 90 90 90 90
90 90 90 90 90 90 90 90 90 90
90 90 90 90 90 90 90 90 90 90
90 90 90 90 90 90 90 90 90 90
90 90 90 90 90 90 90 90 90 90
90 90 90 90 90 90 90 90 90 90
90 90 90 90 90 90 90 90 90 90
90 90 90 90 90 90 90 90 90 90
90 90 90 90 90 90 90 90 90 90
90 90 90 90 90
8d 6c 24 28
b8 8b 7f ab 5e
68 3a 8e 04 08
c3
00 00 00 00
a8 3a 68 55
